{
 "cells": [
  {
   "cell_type": "code",
   "execution_count": 1,
   "metadata": {},
   "outputs": [
    {
     "name": "stdout",
     "output_type": "stream",
     "text": [
      "C:\\Users\\Jesper\\Documents\\GitHub\\Knowledge-Growth-Prediction\\models\n",
      "C:\\Users\\Jesper\\Documents\\GitHub\\Knowledge-Growth-Prediction\\models\n"
     ]
    }
   ],
   "source": [
    "import numpy as np\n",
    "from simulation_framework.item_response_simulation import item_response_simulation\n",
    "from simulation_framework.simulate_competency import respondent_population\n",
    "from simulation_framework.simulate_responses import response_simulation\n",
    "from scipy.stats import multivariate_normal\n",
    "import models\n",
    "import em_algorithm\n",
    "import pandas as pd\n",
    "import time\n",
    "from girth import multidimensional_twopl_mml\n",
    "from girth import twopl_mml\n",
    "import cma\n",
    "import scipy\n",
    "from simulation_experiment import mirt_simulation_experiment"
   ]
  },
  {
   "cell_type": "markdown",
   "metadata": {},
   "source": [
    "## Experiment 0: MIRT-2PL-Gain Performance Benchmark"
   ]
  },
  {
   "cell_type": "code",
   "execution_count": 2,
   "metadata": {},
   "outputs": [
    {
     "name": "stdout",
     "output_type": "stream",
     "text": [
      "Real latent covariance: [[1.     0.3658 0.5981 0.0371]\n",
      " [0.3658 1.     0.1584 0.1343]\n",
      " [0.5981 0.1584 1.     0.5668]\n",
      " [0.0371 0.1343 0.5668 1.    ]]\n",
      "Covariance matrix is good: True\n",
      "EM Iteration 2\n",
      "Current Monte Carlo Sample size: 300\n"
     ]
    },
    {
     "name": "stderr",
     "output_type": "stream",
     "text": [
      "c:\\Users\\Jesper\\Anaconda3\\lib\\site-packages\\scipy\\stats\\_qmc.py:2039: UserWarning: The balance properties of Sobol' points require n to be a power of 2.\n",
      "  samples = self.engine.random(n)\n"
     ]
    },
    {
     "name": "stdout",
     "output_type": "stream",
     "text": [
      "Step: 2: current parameter_diff: 13.022629273967365, current marginal loglikelihood: -472.67458712097016\n",
      "EM Iteration 3\n",
      "Current Monte Carlo Sample size: 330\n",
      "Step: 3: current parameter_diff: 9.300283966176325, current marginal loglikelihood: -454.6808845941467\n",
      "EM Iteration 4\n",
      "Current Monte Carlo Sample size: 363\n",
      "Step: 4: current parameter_diff: 8.205774286599132, current marginal loglikelihood: -445.3817571706914\n",
      "EM Iteration 5\n",
      "Current Monte Carlo Sample size: 363\n",
      "Step: 5: current parameter_diff: 6.159713843783418, current marginal loglikelihood: -441.8998979681229\n",
      "EM Iteration 6\n",
      "Current Monte Carlo Sample size: 363\n",
      "Step: 6: current parameter_diff: 4.951525648382734, current marginal loglikelihood: -440.162063627918\n",
      "EM Iteration 2\n"
     ]
    },
    {
     "name": "stderr",
     "output_type": "stream",
     "text": [
      "c:\\Users\\Jesper\\Anaconda3\\lib\\site-packages\\scipy\\stats\\_qmc.py:2039: UserWarning: The balance properties of Sobol' points require n to be a power of 2.\n",
      "  samples = self.engine.random(n)\n"
     ]
    },
    {
     "name": "stdout",
     "output_type": "stream",
     "text": [
      "Current Monte Carlo Sample size: 300\n",
      "[[1.         0.31225241 0.28079313 0.49819901]\n",
      " [0.31225241 1.         0.59262497 0.87686469]\n",
      " [0.28079313 0.59262497 1.         1.45385224]\n",
      " [0.49819901 0.87686469 1.45385224 1.        ]]\n",
      "[[1.         0.31225241 0.02922376 0.10164825]\n",
      " [0.31225241 1.         0.89685176 1.17989116]\n",
      " [0.02922376 0.89685176 1.         0.41380171]\n",
      " [0.10164825 1.17989116 0.41380171 1.        ]]\n",
      "[[1.         0.31225241 0.05808508 1.16576679]\n",
      " [0.31225241 1.         0.64866192 0.42282922]\n",
      " [0.05808508 0.64866192 1.         0.43005804]\n",
      " [1.16576679 0.42282922 0.43005804 1.        ]]\n",
      "[[1.         0.31225241 0.83284687 0.23152931]\n",
      " [0.31225241 1.         0.93779469 0.62172089]\n",
      " [0.83284687 0.93779469 1.         0.23596973]\n",
      " [0.23152931 0.62172089 0.23596973 1.        ]]\n",
      "[[ 1.          0.31225241 -0.06822257  1.16599993]\n",
      " [ 0.31225241  1.          0.40220352  0.50344161]\n",
      " [-0.06822257  0.40220352  1.          0.72726426]\n",
      " [ 1.16599993  0.50344161  0.72726426  1.        ]]\n",
      "[[1.         0.31225241 0.91537852 0.78782723]\n",
      " [0.31225241 1.         1.01333144 0.34247674]\n",
      " [0.91537852 1.01333144 1.         0.11794491]\n",
      " [0.78782723 0.34247674 0.11794491 1.        ]]\n",
      "[[1.         0.31225241 0.51537813 0.42161682]\n",
      " [0.31225241 1.         1.0737801  0.19530885]\n",
      " [0.51537813 1.0737801  1.         0.60134081]\n",
      " [0.42161682 0.19530885 0.60134081 1.        ]]\n",
      "[[1.         0.31225241 0.95866361 0.26449918]\n",
      " [0.31225241 1.         0.26114521 0.65490719]\n",
      " [0.95866361 0.26114521 1.         1.08378916]\n",
      " [0.26449918 0.65490719 1.08378916 1.        ]]\n",
      "[[ 1.          0.31225241  0.9699418  -0.20684184]\n",
      " [ 0.31225241  1.          0.69777216  0.46464314]\n",
      " [ 0.9699418   0.69777216  1.          0.29819834]\n",
      " [-0.20684184  0.46464314  0.29819834  1.        ]]\n",
      "[[ 1.          0.31225241  0.27301212  0.9596343 ]\n",
      " [ 0.31225241  1.         -0.04267541  0.28239081]\n",
      " [ 0.27301212 -0.04267541  1.          0.97984144]\n",
      " [ 0.9596343   0.28239081  0.97984144  1.        ]]\n",
      "[[1.         0.31225241 0.92021203 0.74931563]\n",
      " [0.31225241 1.         0.73370228 1.00367572]\n",
      " [0.92021203 0.73370228 1.         0.71479393]\n",
      " [0.74931563 1.00367572 0.71479393 1.        ]]\n",
      "[[1.         0.31225241 0.66284079 0.09453144]\n",
      " [0.31225241 1.         1.04246764 0.59545994]\n",
      " [0.66284079 1.04246764 1.         0.02449352]\n",
      " [0.09453144 0.59545994 0.02449352 1.        ]]\n",
      "[[1.         0.31225241 1.05427307 0.72387015]\n",
      " [0.31225241 1.         0.49039169 0.20879859]\n",
      " [1.05427307 0.49039169 1.         0.51708286]\n",
      " [0.72387015 0.20879859 0.51708286 1.        ]]\n",
      "[[1.         0.31225241 0.72330624 0.80010246]\n",
      " [0.31225241 1.         0.66799415 0.75858543]\n",
      " [0.72330624 0.66799415 1.         0.09510991]\n",
      " [0.80010246 0.75858543 0.09510991 1.        ]]\n",
      "[[1.         0.31225241 0.0719394  0.40923821]\n",
      " [0.31225241 1.         1.01277767 0.74940172]\n",
      " [0.0719394  1.01277767 1.         0.7184093 ]\n",
      " [0.40923821 0.74940172 0.7184093  1.        ]]\n",
      "[[1.         0.31225241 0.66048192 0.48148093]\n",
      " [0.31225241 1.         1.02171902 1.08226337]\n",
      " [0.66048192 1.02171902 1.         0.71122328]\n",
      " [0.48148093 1.08226337 0.71122328 1.        ]]\n",
      "[[1.         0.31225241 0.765099   0.60041035]\n",
      " [0.31225241 1.         0.60801292 0.84745063]\n",
      " [0.765099   0.60801292 1.         0.93859072]\n",
      " [0.60041035 0.84745063 0.93859072 1.        ]]\n",
      "[[1.         0.31225241 0.46946403 0.24687486]\n",
      " [0.31225241 1.         1.12028746 0.90606374]\n",
      " [0.46946403 1.12028746 1.         0.30241051]\n",
      " [0.24687486 0.90606374 0.30241051 1.        ]]\n",
      "[[1.         0.31225241 0.85773985 0.17734716]\n",
      " [0.31225241 1.         0.47770453 1.34048908]\n",
      " [0.85773985 0.47770453 1.         0.10385085]\n",
      " [0.17734716 1.34048908 0.10385085 1.        ]]\n",
      "[[1.         0.31225241 0.58335815 0.94705866]\n",
      " [0.31225241 1.         0.53278959 0.67212752]\n",
      " [0.58335815 0.53278959 1.         0.61520174]\n",
      " [0.94705866 0.67212752 0.61520174 1.        ]]\n",
      "[[1.         0.31225241 0.47217929 0.88968584]\n",
      " [0.31225241 1.         0.52431065 0.85919629]\n",
      " [0.47217929 0.52431065 1.         0.72282632]\n",
      " [0.88968584 0.85919629 0.72282632 1.        ]]\n",
      "[[1.         0.31225241 0.13588661 0.23105693]\n",
      " [0.31225241 1.         1.00407553 0.31610918]\n",
      " [0.13588661 1.00407553 1.         0.81630355]\n",
      " [0.23105693 0.31610918 0.81630355 1.        ]]\n",
      "[[ 1.          0.31225241  0.4669313   0.74751839]\n",
      " [ 0.31225241  1.          0.51914269  0.55154143]\n",
      " [ 0.4669313   0.51914269  1.         -0.12100536]\n",
      " [ 0.74751839  0.55154143 -0.12100536  1.        ]]\n",
      "[[1.         0.31225241 0.97035001 0.49294393]\n",
      " [0.31225241 1.         0.54128129 0.71243225]\n",
      " [0.97035001 0.54128129 1.         0.24188595]\n",
      " [0.49294393 0.71243225 0.24188595 1.        ]]\n",
      "[[1.         0.31225241 0.25901964 0.91610684]\n",
      " [0.31225241 1.         0.16565148 1.09906301]\n",
      " [0.25901964 0.16565148 1.         0.3036578 ]\n",
      " [0.91610684 1.09906301 0.3036578  1.        ]]\n",
      "[[ 1.          0.31225241  0.20314912  0.76418786]\n",
      " [ 0.31225241  1.          0.51812098  0.89916562]\n",
      " [ 0.20314912  0.51812098  1.         -0.64256684]\n",
      " [ 0.76418786  0.89916562 -0.64256684  1.        ]]\n",
      "[[1.         0.31225241 0.45479571 0.81171465]\n",
      " [0.31225241 1.         0.36961044 0.86248602]\n",
      " [0.45479571 0.36961044 1.         0.38863676]\n",
      " [0.81171465 0.86248602 0.38863676 1.        ]]\n",
      "[[1.         0.31225241 0.09101046 0.31590846]\n",
      " [0.31225241 1.         0.74364203 0.85464828]\n",
      " [0.09101046 0.74364203 1.         0.25753506]\n",
      " [0.31590846 0.85464828 0.25753506 1.        ]]\n",
      "[[1.         0.31225241 0.56850267 0.01188146]\n",
      " [0.31225241 1.         0.69125122 0.15826882]\n",
      " [0.56850267 0.69125122 1.         0.78563064]\n",
      " [0.01188146 0.15826882 0.78563064 1.        ]]\n",
      "[[ 1.          0.31225241  0.67107877  0.66004942]\n",
      " [ 0.31225241  1.          0.59246641  0.44763949]\n",
      " [ 0.67107877  0.59246641  1.         -0.18610025]\n",
      " [ 0.66004942  0.44763949 -0.18610025  1.        ]]\n",
      "[[1.         0.31225241 0.88307346 0.3461175 ]\n",
      " [0.31225241 1.         0.4613114  0.94904197]\n",
      " [0.88307346 0.4613114  1.         0.65944235]\n",
      " [0.3461175  0.94904197 0.65944235 1.        ]]\n",
      "[[1.         0.31225241 0.66598836 0.28460192]\n",
      " [0.31225241 1.         0.76096421 0.97644072]\n",
      " [0.66598836 0.76096421 1.         0.11459939]\n",
      " [0.28460192 0.97644072 0.11459939 1.        ]]\n",
      "[[1.         0.31225241 1.14461847 0.13893137]\n",
      " [0.31225241 1.         0.74088888 0.20729751]\n",
      " [1.14461847 0.74088888 1.         1.08498201]\n",
      " [0.13893137 0.20729751 1.08498201 1.        ]]\n",
      "[[1.         0.31225241 1.1998335  0.39405261]\n",
      " [0.31225241 1.         0.89940076 0.46299805]\n",
      " [1.1998335  0.89940076 1.         0.156828  ]\n",
      " [0.39405261 0.46299805 0.156828   1.        ]]\n",
      "[[1.         0.31225241 0.67572356 0.73781347]\n",
      " [0.31225241 1.         0.65970625 0.11127016]\n",
      " [0.67572356 0.65970625 1.         1.30357444]\n",
      " [0.73781347 0.11127016 1.30357444 1.        ]]\n",
      "[[1.         0.31225241 0.9811575  0.64992059]\n",
      " [0.31225241 1.         0.6797268  0.11836718]\n",
      " [0.9811575  0.6797268  1.         0.68174208]\n",
      " [0.64992059 0.11836718 0.68174208 1.        ]]\n",
      "[[ 1.          0.31225241  0.28039503  0.936618  ]\n",
      " [ 0.31225241  1.         -0.09146489  0.6202036 ]\n",
      " [ 0.28039503 -0.09146489  1.          0.67086507]\n",
      " [ 0.936618    0.6202036   0.67086507  1.        ]]\n",
      "[[ 1.          0.31225241  0.43872445 -0.14630467]\n",
      " [ 0.31225241  1.         -0.11609565  0.89575743]\n",
      " [ 0.43872445 -0.11609565  1.          0.42927042]\n",
      " [-0.14630467  0.89575743  0.42927042  1.        ]]\n",
      "[[ 1.          0.31225241  0.71975451 -0.46645321]\n",
      " [ 0.31225241  1.          0.74138433 -0.08596434]\n",
      " [ 0.71975451  0.74138433  1.          0.53501113]\n",
      " [-0.46645321 -0.08596434  0.53501113  1.        ]]\n",
      "[[1.         0.31225241 0.53665848 0.20646274]\n",
      " [0.31225241 1.         0.10360354 0.88876916]\n",
      " [0.53665848 0.10360354 1.         0.52409327]\n",
      " [0.20646274 0.88876916 0.52409327 1.        ]]\n",
      "[[ 1.          0.31225241  0.63319668 -0.19611851]\n",
      " [ 0.31225241  1.         -0.02085452  0.41069909]\n",
      " [ 0.63319668 -0.02085452  1.          0.45726751]\n",
      " [-0.19611851  0.41069909  0.45726751  1.        ]]\n",
      "[[ 1.          0.31225241  0.33538133 -0.44787936]\n",
      " [ 0.31225241  1.          0.22772929 -0.02662131]\n",
      " [ 0.33538133  0.22772929  1.          0.76186143]\n",
      " [-0.44787936 -0.02662131  0.76186143  1.        ]]\n",
      "[[ 1.          0.31225241  0.32396324 -0.2570371 ]\n",
      " [ 0.31225241  1.          0.20606899 -0.12423353]\n",
      " [ 0.32396324  0.20606899  1.          1.19538379]\n",
      " [-0.2570371  -0.12423353  1.19538379  1.        ]]\n",
      "[[ 1.          0.31225241  0.00611353 -0.59912657]\n",
      " [ 0.31225241  1.         -0.04688697  0.49655265]\n",
      " [ 0.00611353 -0.04688697  1.          0.40737904]\n",
      " [-0.59912657  0.49655265  0.40737904  1.        ]]\n",
      "[[ 1.          0.31225241 -0.18724349  0.15987534]\n",
      " [ 0.31225241  1.          0.47393547  0.98652135]\n",
      " [-0.18724349  0.47393547  1.          0.78327143]\n",
      " [ 0.15987534  0.98652135  0.78327143  1.        ]]\n",
      "[[ 1.          0.31225241  0.63685939 -0.10633139]\n",
      " [ 0.31225241  1.          0.35179975  0.14799376]\n",
      " [ 0.63685939  0.35179975  1.          0.92431653]\n",
      " [-0.10633139  0.14799376  0.92431653  1.        ]]\n",
      "[[ 1.          0.31225241  0.73778836  0.26163593]\n",
      " [ 0.31225241  1.         -0.63606603 -0.29100288]\n",
      " [ 0.73778836 -0.63606603  1.          0.08597053]\n",
      " [ 0.26163593 -0.29100288  0.08597053  1.        ]]\n"
     ]
    },
    {
     "name": "stderr",
     "output_type": "stream",
     "text": [
      "c:\\Users\\Jesper\\Documents\\GitHub\\Knowledge-Growth-Prediction\\em_algorithm\\e_step_mirt_2pl_gain.py:130: RuntimeWarning: divide by zero encountered in log\n",
      "  factor = np.log(self.model.latent_density(\n"
     ]
    },
    {
     "name": "stdout",
     "output_type": "stream",
     "text": [
      "[[ 1.          0.31225241  0.11848997 -0.56922891]\n",
      " [ 0.31225241  1.         -0.26319952  0.60480454]\n",
      " [ 0.11848997 -0.26319952  1.          0.59093984]\n",
      " [-0.56922891  0.60480454  0.59093984  1.        ]]\n",
      "[[ 1.          0.31225241  0.38834897  0.12454151]\n",
      " [ 0.31225241  1.         -0.28244418 -0.18143438]\n",
      " [ 0.38834897 -0.28244418  1.          1.22190574]\n",
      " [ 0.12454151 -0.18143438  1.22190574  1.        ]]\n",
      "[[ 1.          0.31225241 -0.01800559  0.08632274]\n",
      " [ 0.31225241  1.         -0.33829246 -1.0612284 ]\n",
      " [-0.01800559 -0.33829246  1.          0.56614375]\n",
      " [ 0.08632274 -1.0612284   0.56614375  1.        ]]\n",
      "[[ 1.          0.31225241  0.35430091 -0.11368399]\n",
      " [ 0.31225241  1.          0.22981972 -0.05570045]\n",
      " [ 0.35430091  0.22981972  1.          1.24656864]\n",
      " [-0.11368399 -0.05570045  1.24656864  1.        ]]\n",
      "[[ 1.          0.31225241  0.0890357   0.23029826]\n",
      " [ 0.31225241  1.          0.67590992 -0.36555934]\n",
      " [ 0.0890357   0.67590992  1.          1.14631678]\n",
      " [ 0.23029826 -0.36555934  1.14631678  1.        ]]\n",
      "[[ 1.          0.31225241 -0.16592462 -0.28615603]\n",
      " [ 0.31225241  1.         -0.23927565 -0.28192097]\n",
      " [-0.16592462 -0.23927565  1.          1.00313565]\n",
      " [-0.28615603 -0.28192097  1.00313565  1.        ]]\n",
      "[[ 1.          0.31225241 -0.62455773  0.77553664]\n",
      " [ 0.31225241  1.         -0.26249485 -0.43299633]\n",
      " [-0.62455773 -0.26249485  1.          0.72646645]\n",
      " [ 0.77553664 -0.43299633  0.72646645  1.        ]]\n",
      "[[ 1.          0.31225241  0.14233532  0.57605225]\n",
      " [ 0.31225241  1.          0.21418728 -0.83480851]\n",
      " [ 0.14233532  0.21418728  1.          1.04425834]\n",
      " [ 0.57605225 -0.83480851  1.04425834  1.        ]]\n",
      "[[ 1.          0.31225241 -0.27716144 -0.14027329]\n",
      " [ 0.31225241  1.          0.89129385  0.11084293]\n",
      " [-0.27716144  0.89129385  1.          0.79570359]\n",
      " [-0.14027329  0.11084293  0.79570359  1.        ]]\n",
      "[[ 1.          0.31225241  0.4218293   0.34383227]\n",
      " [ 0.31225241  1.          0.6437013  -0.37744493]\n",
      " [ 0.4218293   0.6437013   1.          0.8854744 ]\n",
      " [ 0.34383227 -0.37744493  0.8854744   1.        ]]\n",
      "[[ 1.          0.31225241  0.099247    0.43033707]\n",
      " [ 0.31225241  1.         -0.24198789 -0.51617611]\n",
      " [ 0.099247   -0.24198789  1.          1.2516074 ]\n",
      " [ 0.43033707 -0.51617611  1.2516074   1.        ]]\n",
      "[[ 1.          0.31225241  0.11879612 -0.25424045]\n",
      " [ 0.31225241  1.         -0.28173085  0.38664439]\n",
      " [ 0.11879612 -0.28173085  1.          0.98078127]\n",
      " [-0.25424045  0.38664439  0.98078127  1.        ]]\n",
      "[[ 1.          0.31225241 -0.12338263  0.22407917]\n",
      " [ 0.31225241  1.         -0.24549245 -0.43012932]\n",
      " [-0.12338263 -0.24549245  1.          1.1939329 ]\n",
      " [ 0.22407917 -0.43012932  1.1939329   1.        ]]\n",
      "[[ 1.          0.31225241 -0.04114213  0.19494508]\n",
      " [ 0.31225241  1.          0.03504067 -0.49636051]\n",
      " [-0.04114213  0.03504067  1.          0.75929824]\n",
      " [ 0.19494508 -0.49636051  0.75929824  1.        ]]\n",
      "[[ 1.          0.31225241  0.08647275 -0.00620962]\n",
      " [ 0.31225241  1.          0.27444556 -0.48048675]\n",
      " [ 0.08647275  0.27444556  1.          1.21627424]\n",
      " [-0.00620962 -0.48048675  1.21627424  1.        ]]\n",
      "[[ 1.          0.31225241 -0.45866771  0.49699907]\n",
      " [ 0.31225241  1.          0.10555852  0.51995593]\n",
      " [-0.45866771  0.10555852  1.          0.55727176]\n",
      " [ 0.49699907  0.51995593  0.55727176  1.        ]]\n",
      "[[ 1.          0.31225241 -0.46338507  0.34318743]\n",
      " [ 0.31225241  1.          0.21170743 -0.09385067]\n",
      " [-0.46338507  0.21170743  1.          1.12968424]\n",
      " [ 0.34318743 -0.09385067  1.12968424  1.        ]]\n",
      "[[ 1.          0.31225241 -0.16285615  0.68261713]\n",
      " [ 0.31225241  1.          0.44171186 -0.2628958 ]\n",
      " [-0.16285615  0.44171186  1.          1.37653514]\n",
      " [ 0.68261713 -0.2628958   1.37653514  1.        ]]\n",
      "[[ 1.          0.31225241  0.55356558 -0.35216284]\n",
      " [ 0.31225241  1.          0.06284712 -0.82016046]\n",
      " [ 0.55356558  0.06284712  1.          0.65584104]\n",
      " [-0.35216284 -0.82016046  0.65584104  1.        ]]\n",
      "[[ 1.          0.31225241  0.25508252 -0.05868577]\n",
      " [ 0.31225241  1.         -0.54676936 -0.17470439]\n",
      " [ 0.25508252 -0.54676936  1.          0.87707169]\n",
      " [-0.05868577 -0.17470439  0.87707169  1.        ]]\n",
      "[[1.         0.31225241 0.24712248 0.52821574]\n",
      " [0.31225241 1.         0.30184197 0.23719136]\n",
      " [0.24712248 0.30184197 1.         1.230873  ]\n",
      " [0.52821574 0.23719136 1.230873   1.        ]]\n",
      "[[1.         0.31225241 0.23440656 0.63593809]\n",
      " [0.31225241 1.         0.27624637 0.07984711]\n",
      " [0.23440656 0.27624637 1.         1.16600551]\n",
      " [0.63593809 0.07984711 1.16600551 1.        ]]\n",
      "[[ 1.          0.31225241  0.4264197   0.02965718]\n",
      " [ 0.31225241  1.         -0.45848789  0.35910024]\n",
      " [ 0.4264197  -0.45848789  1.          0.4398656 ]\n",
      " [ 0.02965718  0.35910024  0.4398656   1.        ]]\n",
      "[[ 1.          0.31225241 -0.23212043  0.63846643]\n",
      " [ 0.31225241  1.         -0.59266817  0.39430491]\n",
      " [-0.23212043 -0.59266817  1.          0.53546471]\n",
      " [ 0.63846643  0.39430491  0.53546471  1.        ]]\n",
      "[[ 1.          0.31225241  0.40476276  0.21314493]\n",
      " [ 0.31225241  1.          0.48776131 -0.01362964]\n",
      " [ 0.40476276  0.48776131  1.          1.39839414]\n",
      " [ 0.21314493 -0.01362964  1.39839414  1.        ]]\n",
      "[[ 1.          0.31225241  0.18103411  0.33740806]\n",
      " [ 0.31225241  1.         -0.25239043 -0.43159945]\n",
      " [ 0.18103411 -0.25239043  1.          1.02729683]\n",
      " [ 0.33740806 -0.43159945  1.02729683  1.        ]]\n",
      "[[ 1.          0.31225241  0.10184051  0.4557347 ]\n",
      " [ 0.31225241  1.         -0.33458276  0.35273042]\n",
      " [ 0.10184051 -0.33458276  1.          1.11199125]\n",
      " [ 0.4557347   0.35273042  1.11199125  1.        ]]\n",
      "[[ 1.          0.31225241 -0.26793405 -0.22954958]\n",
      " [ 0.31225241  1.          0.31833448  0.37766326]\n",
      " [-0.26793405  0.31833448  1.          1.07293778]\n",
      " [-0.22954958  0.37766326  1.07293778  1.        ]]\n",
      "[[ 1.          0.31225241 -0.15157674  0.50284992]\n",
      " [ 0.31225241  1.         -0.49963859  0.1186775 ]\n",
      " [-0.15157674 -0.49963859  1.          0.78906965]\n",
      " [ 0.50284992  0.1186775   0.78906965  1.        ]]\n",
      "[[ 1.          0.31225241 -0.21449303  0.48559533]\n",
      " [ 0.31225241  1.         -0.05557011 -0.03572536]\n",
      " [-0.21449303 -0.05557011  1.          0.88268458]\n",
      " [ 0.48559533 -0.03572536  0.88268458  1.        ]]\n",
      "[[1.         0.31225241 0.76297633 0.85071533]\n",
      " [0.31225241 1.         0.23651519 0.7246877 ]\n",
      " [0.76297633 0.23651519 1.         0.83095493]\n",
      " [0.85071533 0.7246877  0.83095493 1.        ]]\n",
      "[[ 1.          0.31225241 -0.51380332  0.80665998]\n",
      " [ 0.31225241  1.         -0.04697973  0.2362048 ]\n",
      " [-0.51380332 -0.04697973  1.          0.49318613]\n",
      " [ 0.80665998  0.2362048   0.49318613  1.        ]]\n",
      "[[ 1.          0.31225241 -0.44715193 -0.23781046]\n",
      " [ 0.31225241  1.         -0.3189962  -0.1752789 ]\n",
      " [-0.44715193 -0.3189962   1.          1.13009241]\n",
      " [-0.23781046 -0.1752789   1.13009241  1.        ]]\n",
      "[[ 1.          0.31225241 -0.25930008  0.09075266]\n",
      " [ 0.31225241  1.          0.00648802  0.46984055]\n",
      " [-0.25930008  0.00648802  1.          1.22737143]\n",
      " [ 0.09075266  0.46984055  1.22737143  1.        ]]\n",
      "[[ 1.          0.31225241 -0.27024197  0.12171224]\n",
      " [ 0.31225241  1.          0.18914106  0.08881202]\n",
      " [-0.27024197  0.18914106  1.          1.35460094]\n",
      " [ 0.12171224  0.08881202  1.35460094  1.        ]]\n",
      "[[ 1.          0.31225241  0.17844269  0.08706443]\n",
      " [ 0.31225241  1.          0.20153392 -0.28438328]\n",
      " [ 0.17844269  0.20153392  1.          0.93576012]\n",
      " [ 0.08706443 -0.28438328  0.93576012  1.        ]]\n",
      "[[ 1.          0.31225241 -0.03539673  0.0571434 ]\n",
      " [ 0.31225241  1.         -0.07892464 -0.24054445]\n",
      " [-0.03539673 -0.07892464  1.          1.04980973]\n",
      " [ 0.0571434  -0.24054445  1.04980973  1.        ]]\n",
      "[[ 1.          0.31225241  0.58397953  0.03133689]\n",
      " [ 0.31225241  1.         -0.27184436  0.1869767 ]\n",
      " [ 0.58397953 -0.27184436  1.          1.58150973]\n",
      " [ 0.03133689  0.1869767   1.58150973  1.        ]]\n",
      "[[ 1.          0.31225241 -0.11011678  0.63607138]\n",
      " [ 0.31225241  1.          0.22787073  0.24502869]\n",
      " [-0.11011678  0.22787073  1.          0.79863819]\n",
      " [ 0.63607138  0.24502869  0.79863819  1.        ]]\n",
      "[[ 1.          0.31225241  0.13362808  0.66087311]\n",
      " [ 0.31225241  1.          0.04871532 -0.3450768 ]\n",
      " [ 0.13362808  0.04871532  1.          0.72894199]\n",
      " [ 0.66087311 -0.3450768   0.72894199  1.        ]]\n",
      "[[ 1.          0.31225241  0.07060066  0.18918701]\n",
      " [ 0.31225241  1.          0.01951341 -0.09389305]\n",
      " [ 0.07060066  0.01951341  1.          1.08290447]\n",
      " [ 0.18918701 -0.09389305  1.08290447  1.        ]]\n",
      "[[ 1.          0.31225241  0.14267991  0.03254215]\n",
      " [ 0.31225241  1.         -0.0313261   0.19957054]\n",
      " [ 0.14267991 -0.0313261   1.          0.96340078]\n",
      " [ 0.03254215  0.19957054  0.96340078  1.        ]]\n",
      "[[ 1.          0.31225241  0.22910981  0.52505414]\n",
      " [ 0.31225241  1.          0.10697418 -0.13864403]\n",
      " [ 0.22910981  0.10697418  1.          1.03185626]\n",
      " [ 0.52505414 -0.13864403  1.03185626  1.        ]]\n",
      "[[ 1.          0.31225241 -0.08026397  0.49114462]\n",
      " [ 0.31225241  1.         -0.2251824   0.44121829]\n",
      " [-0.08026397 -0.2251824   1.          0.82742321]\n",
      " [ 0.49114462  0.44121829  0.82742321  1.        ]]\n",
      "[[ 1.          0.31225241  0.28555138  0.34345418]\n",
      " [ 0.31225241  1.          0.22234858 -0.41506548]\n",
      " [ 0.28555138  0.22234858  1.          0.98345647]\n",
      " [ 0.34345418 -0.41506548  0.98345647  1.        ]]\n",
      "[[ 1.          0.31225241  0.03739817  0.23925556]\n",
      " [ 0.31225241  1.          0.00248333 -0.46997166]\n",
      " [ 0.03739817  0.00248333  1.          1.3974106 ]\n",
      " [ 0.23925556 -0.46997166  1.3974106   1.        ]]\n",
      "[[ 1.          0.31225241  0.16261548  0.5040304 ]\n",
      " [ 0.31225241  1.         -0.04556687  0.02923235]\n",
      " [ 0.16261548 -0.04556687  1.          1.35491788]\n",
      " [ 0.5040304   0.02923235  1.35491788  1.        ]]\n",
      "[[ 1.          0.31225241 -0.37266717  0.23037683]\n",
      " [ 0.31225241  1.         -0.47133974  0.06365079]\n",
      " [-0.37266717 -0.47133974  1.          1.38621985]\n",
      " [ 0.23037683  0.06365079  1.38621985  1.        ]]\n",
      "[[ 1.          0.31225241 -0.57723135  0.23284317]\n",
      " [ 0.31225241  1.          0.01684536 -0.39389626]\n",
      " [-0.57723135  0.01684536  1.          1.68646627]\n",
      " [ 0.23284317 -0.39389626  1.68646627  1.        ]]\n",
      "[[ 1.          0.31225241  0.50147404  0.28841493]\n",
      " [ 0.31225241  1.          0.1491177  -0.52532605]\n",
      " [ 0.50147404  0.1491177   1.          1.01383   ]\n",
      " [ 0.28841493 -0.52532605  1.01383     1.        ]]\n",
      "[[ 1.          0.31225241 -0.44590193  0.17586092]\n",
      " [ 0.31225241  1.         -0.11967742 -0.0783107 ]\n",
      " [-0.44590193 -0.11967742  1.          1.31675307]\n",
      " [ 0.17586092 -0.0783107   1.31675307  1.        ]]\n",
      "[[ 1.          0.31225241  0.57037223  0.51483061]\n",
      " [ 0.31225241  1.         -0.16099403  0.19222181]\n",
      " [ 0.57037223 -0.16099403  1.          1.37137103]\n",
      " [ 0.51483061  0.19222181  1.37137103  1.        ]]\n",
      "[[ 1.          0.31225241 -0.57122153  0.90240013]\n",
      " [ 0.31225241  1.         -0.39784755  0.26303571]\n",
      " [-0.57122153 -0.39784755  1.          1.20740434]\n",
      " [ 0.90240013  0.26303571  1.20740434  1.        ]]\n",
      "[[ 1.          0.31225241 -0.70824932  0.4283958 ]\n",
      " [ 0.31225241  1.         -0.35361835 -0.03799166]\n",
      " [-0.70824932 -0.35361835  1.          0.75561149]\n",
      " [ 0.4283958  -0.03799166  0.75561149  1.        ]]\n",
      "[[ 1.          0.31225241 -0.42492572  0.46106416]\n",
      " [ 0.31225241  1.         -0.13963344  0.37022641]\n",
      " [-0.42492572 -0.13963344  1.          1.04057356]\n",
      " [ 0.46106416  0.37022641  1.04057356  1.        ]]\n",
      "[[ 1.          0.31225241 -0.46772054  0.07450075]\n",
      " [ 0.31225241  1.          0.03791081  0.19249451]\n",
      " [-0.46772054  0.03791081  1.          0.903195  ]\n",
      " [ 0.07450075  0.19249451  0.903195    1.        ]]\n",
      "[[ 1.          0.31225241 -0.20437045 -0.01251662]\n",
      " [ 0.31225241  1.          0.32686831 -0.17739272]\n",
      " [-0.20437045  0.32686831  1.          1.03048167]\n",
      " [-0.01251662 -0.17739272  1.03048167  1.        ]]\n",
      "[[ 1.          0.31225241  0.22152924 -0.01394931]\n",
      " [ 0.31225241  1.         -0.39275735  0.16863293]\n",
      " [ 0.22152924 -0.39275735  1.          0.91262005]\n",
      " [-0.01394931  0.16863293  0.91262005  1.        ]]\n",
      "[[ 1.          0.31225241  0.33784479 -0.24440284]\n",
      " [ 0.31225241  1.         -0.18143039 -0.17433685]\n",
      " [ 0.33784479 -0.18143039  1.          1.55902245]\n",
      " [-0.24440284 -0.17433685  1.55902245  1.        ]]\n",
      "[[ 1.          0.31225241  0.1867492  -0.09139769]\n",
      " [ 0.31225241  1.          0.20430442  0.25969744]\n",
      " [ 0.1867492   0.20430442  1.          1.30546227]\n",
      " [-0.09139769  0.25969744  1.30546227  1.        ]]\n",
      "[[ 1.          0.31225241 -0.12705044  0.01625601]\n",
      " [ 0.31225241  1.         -0.4999317  -0.16065806]\n",
      " [-0.12705044 -0.4999317   1.          0.93731422]\n",
      " [ 0.01625601 -0.16065806  0.93731422  1.        ]]\n",
      "[[ 1.          0.31225241  0.41691025 -0.36827002]\n",
      " [ 0.31225241  1.          0.281892   -0.01082717]\n",
      " [ 0.41691025  0.281892    1.          1.18987948]\n",
      " [-0.36827002 -0.01082717  1.18987948  1.        ]]\n",
      "[[ 1.          0.31225241 -0.08367587 -0.06005281]\n",
      " [ 0.31225241  1.         -0.22167739  0.36522567]\n",
      " [-0.08367587 -0.22167739  1.          1.01056912]\n",
      " [-0.06005281  0.36522567  1.01056912  1.        ]]\n",
      "[[ 1.          0.31225241 -0.22739151  0.51858574]\n",
      " [ 0.31225241  1.          0.17148205  0.14979104]\n",
      " [-0.22739151  0.17148205  1.          1.38438907]\n",
      " [ 0.51858574  0.14979104  1.38438907  1.        ]]\n",
      "[[ 1.          0.31225241 -0.46700554  0.20525798]\n",
      " [ 0.31225241  1.          0.05350906 -0.30381301]\n",
      " [-0.46700554  0.05350906  1.          0.74439451]\n",
      " [ 0.20525798 -0.30381301  0.74439451  1.        ]]\n",
      "[[ 1.          0.31225241  0.39167375  0.27313731]\n",
      " [ 0.31225241  1.         -0.13613246 -0.15562741]\n",
      " [ 0.39167375 -0.13613246  1.          1.04481205]\n",
      " [ 0.27313731 -0.15562741  1.04481205  1.        ]]\n",
      "[[ 1.          0.31225241 -0.62891093  0.37406118]\n",
      " [ 0.31225241  1.          0.35478185  0.30708125]\n",
      " [-0.62891093  0.35478185  1.          0.89708794]\n",
      " [ 0.37406118  0.30708125  0.89708794  1.        ]]\n",
      "[[ 1.          0.31225241 -0.16885437 -0.20344501]\n",
      " [ 0.31225241  1.         -0.50260792 -0.35157545]\n",
      " [-0.16885437 -0.50260792  1.          1.16320362]\n",
      " [-0.20344501 -0.35157545  1.16320362  1.        ]]\n",
      "[[ 1.          0.31225241  0.02347249  0.37231127]\n",
      " [ 0.31225241  1.         -0.01592251  0.18640136]\n",
      " [ 0.02347249 -0.01592251  1.          1.47807701]\n",
      " [ 0.37231127  0.18640136  1.47807701  1.        ]]\n",
      "[[ 1.          0.31225241  0.00723541 -0.11466184]\n",
      " [ 0.31225241  1.          0.36355094  0.19034787]\n",
      " [ 0.00723541  0.36355094  1.          1.2440093 ]\n",
      " [-0.11466184  0.19034787  1.2440093   1.        ]]\n",
      "[[ 1.          0.31225241  0.35196448 -0.13935863]\n",
      " [ 0.31225241  1.          0.04971165  0.51980372]\n",
      " [ 0.35196448  0.04971165  1.          0.81393342]\n",
      " [-0.13935863  0.51980372  0.81393342  1.        ]]\n",
      "[[ 1.          0.31225241 -0.57283831  0.00544354]\n",
      " [ 0.31225241  1.          0.33637642 -0.35061931]\n",
      " [-0.57283831  0.33637642  1.          0.63539674]\n",
      " [ 0.00544354 -0.35061931  0.63539674  1.        ]]\n",
      "[[ 1.          0.31225241  0.53595067 -0.00339012]\n",
      " [ 0.31225241  1.          0.16077497  0.19594522]\n",
      " [ 0.53595067  0.16077497  1.          1.08997296]\n",
      " [-0.00339012  0.19594522  1.08997296  1.        ]]\n",
      "[[ 1.          0.31225241 -0.00848434  0.51031924]\n",
      " [ 0.31225241  1.         -0.26384939  0.46471701]\n",
      " [-0.00848434 -0.26384939  1.          0.94162646]\n",
      " [ 0.51031924  0.46471701  0.94162646  1.        ]]\n",
      "[[ 1.          0.31225241 -0.25538186  0.29026974]\n",
      " [ 0.31225241  1.         -0.17087383  0.06248942]\n",
      " [-0.25538186 -0.17087383  1.          1.00246839]\n",
      " [ 0.29026974  0.06248942  1.00246839  1.        ]]\n",
      "[[ 1.          0.31225241 -0.13676938  0.04290667]\n",
      " [ 0.31225241  1.          0.11316411 -0.10362504]\n",
      " [-0.13676938  0.11316411  1.          1.19636151]\n",
      " [ 0.04290667 -0.10362504  1.19636151  1.        ]]\n",
      "[[ 1.          0.31225241 -0.36832708  0.30441689]\n",
      " [ 0.31225241  1.         -0.01061493  0.36987482]\n",
      " [-0.36832708 -0.01061493  1.          1.42312986]\n",
      " [ 0.30441689  0.36987482  1.42312986  1.        ]]\n",
      "[[1.         0.31225241 0.29062882 0.5902522 ]\n",
      " [0.31225241 1.         0.03684246 0.16870609]\n",
      " [0.29062882 0.03684246 1.         1.00856376]\n",
      " [0.5902522  0.16870609 1.00856376 1.        ]]\n",
      "[[ 1.          0.31225241  0.12601721  0.19512413]\n",
      " [ 0.31225241  1.          0.043343   -0.47424861]\n",
      " [ 0.12601721  0.043343    1.          1.0519708 ]\n",
      " [ 0.19512413 -0.47424861  1.0519708   1.        ]]\n",
      "[[ 1.          0.31225241  0.21314568  0.31392916]\n",
      " [ 0.31225241  1.          0.45412107 -0.69905671]\n",
      " [ 0.21314568  0.45412107  1.          1.09719112]\n",
      " [ 0.31392916 -0.69905671  1.09719112  1.        ]]\n",
      "[[ 1.          0.31225241  0.32617323 -0.09970377]\n",
      " [ 0.31225241  1.          0.12940883  0.1733739 ]\n",
      " [ 0.32617323  0.12940883  1.          1.22172159]\n",
      " [-0.09970377  0.1733739   1.22172159  1.        ]]\n",
      "[[ 1.          0.31225241 -0.28481119  0.61909456]\n",
      " [ 0.31225241  1.         -0.13313796 -0.02446374]\n",
      " [-0.28481119 -0.13313796  1.          1.4331453 ]\n",
      " [ 0.61909456 -0.02446374  1.4331453   1.        ]]\n",
      "[[ 1.          0.31225241  0.04591852  0.12077343]\n",
      " [ 0.31225241  1.         -0.67387694 -0.0830763 ]\n",
      " [ 0.04591852 -0.67387694  1.          0.97529333]\n",
      " [ 0.12077343 -0.0830763   0.97529333  1.        ]]\n",
      "[[ 1.          0.31225241  0.10246182  0.22462106]\n",
      " [ 0.31225241  1.          0.80373282 -0.07528146]\n",
      " [ 0.10246182  0.80373282  1.          0.83345336]\n",
      " [ 0.22462106 -0.07528146  0.83345336  1.        ]]\n",
      "[[ 1.          0.31225241  0.22096987  0.25673028]\n",
      " [ 0.31225241  1.         -0.35961527 -0.03114112]\n",
      " [ 0.22096987 -0.35961527  1.          1.02507219]\n",
      " [ 0.25673028 -0.03114112  1.02507219  1.        ]]\n",
      "[[ 1.          0.31225241  0.35211963  0.49011045]\n",
      " [ 0.31225241  1.         -0.08187567 -0.45804882]\n",
      " [ 0.35211963 -0.08187567  1.          1.25845106]\n",
      " [ 0.49011045 -0.45804882  1.25845106  1.        ]]\n",
      "[[ 1.          0.31225241  0.10271201  0.34825794]\n",
      " [ 0.31225241  1.          0.40901346 -0.35944014]\n",
      " [ 0.10271201  0.40901346  1.          1.03301608]\n",
      " [ 0.34825794 -0.35944014  1.03301608  1.        ]]\n",
      "[[ 1.          0.31225241 -0.66152503 -0.1951731 ]\n",
      " [ 0.31225241  1.          0.46525386 -0.1446773 ]\n",
      " [-0.66152503  0.46525386  1.          0.73232365]\n",
      " [-0.1951731  -0.1446773   0.73232365  1.        ]]\n",
      "[[ 1.          0.31225241 -0.06456388  0.62553033]\n",
      " [ 0.31225241  1.          0.11452292 -0.06687227]\n",
      " [-0.06456388  0.11452292  1.          1.51901898]\n",
      " [ 0.62553033 -0.06687227  1.51901898  1.        ]]\n",
      "[[ 1.          0.31225241  0.14368544 -0.11174246]\n",
      " [ 0.31225241  1.          0.41565886  0.50564103]\n",
      " [ 0.14368544  0.41565886  1.          1.18626463]\n",
      " [-0.11174246  0.50564103  1.18626463  1.        ]]\n",
      "[[ 1.          0.31225241 -0.82631852 -0.16035358]\n",
      " [ 0.31225241  1.          0.47258085 -0.65582737]\n",
      " [-0.82631852  0.47258085  1.          0.60349397]\n",
      " [-0.16035358 -0.65582737  0.60349397  1.        ]]\n",
      "[[ 1.          0.31225241 -0.66493576  0.36665239]\n",
      " [ 0.31225241  1.         -0.32386532 -0.25580222]\n",
      " [-0.66493576 -0.32386532  1.          0.7758917 ]\n",
      " [ 0.36665239 -0.25580222  0.7758917   1.        ]]\n",
      "[[ 1.          0.31225241 -0.00703749  0.08724387]\n",
      " [ 0.31225241  1.         -0.36316273 -0.27571956]\n",
      " [-0.00703749 -0.36316273  1.          1.12672771]\n",
      " [ 0.08724387 -0.27571956  1.12672771  1.        ]]\n",
      "[[ 1.          0.31225241 -0.42875854 -0.82501738]\n",
      " [ 0.31225241  1.         -0.2100872  -0.54212338]\n",
      " [-0.42875854 -0.2100872   1.          0.93296729]\n",
      " [-0.82501738 -0.54212338  0.93296729  1.        ]]\n",
      "[[ 1.          0.31225241 -0.13721915 -0.61700959]\n",
      " [ 0.31225241  1.          0.13472592 -0.56269873]\n",
      " [-0.13721915  0.13472592  1.          0.89212364]\n",
      " [-0.61700959 -0.56269873  0.89212364  1.        ]]\n",
      "[[ 1.          0.31225241  0.33232709 -0.35606949]\n",
      " [ 0.31225241  1.         -0.51432738 -0.46928475]\n",
      " [ 0.33232709 -0.51432738  1.          0.89176036]\n",
      " [-0.35606949 -0.46928475  0.89176036  1.        ]]\n",
      "[[ 1.          0.31225241 -0.08607389  0.1030641 ]\n",
      " [ 0.31225241  1.         -0.14984334 -0.37100072]\n",
      " [-0.08607389 -0.14984334  1.          0.96932528]\n",
      " [ 0.1030641  -0.37100072  0.96932528  1.        ]]\n",
      "[[ 1.          0.31225241 -0.03873412  0.2701596 ]\n",
      " [ 0.31225241  1.          0.06677166  0.66484218]\n",
      " [-0.03873412  0.06677166  1.          1.48589184]\n",
      " [ 0.2701596   0.66484218  1.48589184  1.        ]]\n",
      "[[ 1.          0.31225241  0.0060942  -0.55724744]\n",
      " [ 0.31225241  1.          0.05158659  0.19390784]\n",
      " [ 0.0060942   0.05158659  1.          0.84697696]\n",
      " [-0.55724744  0.19390784  0.84697696  1.        ]]\n",
      "[[ 1.          0.31225241  0.521856   -0.07715866]\n",
      " [ 0.31225241  1.          0.25182256 -0.11156189]\n",
      " [ 0.521856    0.25182256  1.          0.81216897]\n",
      " [-0.07715866 -0.11156189  0.81216897  1.        ]]\n",
      "[[ 1.          0.31225241 -0.32399105 -0.38798053]\n",
      " [ 0.31225241  1.         -0.73041926 -0.23657325]\n",
      " [-0.32399105 -0.73041926  1.          1.00109918]\n",
